term frequence are   (0, 1733)	0.32537348243650027
  (0, 89)	0.49676218590467563
  (0, 765)	0.43963261808195053
  (0, 650)	0.4159217051179256
  (0, 1587)	0.5301808407633759
  (1, 556)	0.2219565024518366
  (1, 2011)	0.47692424101681774
  (1, 1076)	0.47692424101681774
  (1, 802)	0.39895838922871907
  (1, 1657)	0.4565081414936087
  (1, 650)	0.35812619018230096
  (2, 1933)	0.30312415380390506
  (2, 122)	0.473662723773161
  (2, 1670)	0.473662723773161
  (2, 1729)	0.40699051249539975
  (2, 1495)	0.5419978951388823
  (3, 535)	0.3363312698242577
  (3, 734)	0.2890498722844782
  (3, 2017)	0.17153664797029736
  (3, 69)	0.30782588757326484
  (3, 1091)	0.34650528112520335
  (3, 1674)	0.29318528753345074
  (3, 1670)	0.32772926583641676
  (3, 1729)	0.5631969549978009
  (3, 1733)	0.22029308916844217
  :	:
  (911, 2033)	0.29371296564974575
  (911, 1003)	0.3134719016257172
  (911, 962)	0.2326639066985016
  (911, 1372)	0.2560342377065305
  (911, 600)	0.29371296564974575
  (911, 2015)	0.17399246720403141
  (911, 1952)	0.23039691505816087
  (911, 1933)	0.18315654058075687
  (911, 556)	0.15241157950464396
  (912, 13)	0.45254613643753794
  (912, 1531)	0.31079437717590047
  (912, 2071)	0.31079437717590047
  (912, 78)	0.31079437717590047
  (912, 2046)	0.2905554676788573
  (912, 2059)	0.39549585480356214
  (912, 56)	0.3019889431041052
  (912, 1190)	0.28881830155236593
  (912, 437)	0.2999496219523907
  (913, 645)	0.4008620264454442
  (913, 343)	0.4008620264454442
  (913, 117)	0.29778045490260385
  (913, 703)	0.42095457277883724
  (913, 406)	0.3786202986484731
  (913, 1521)	0.28022792981319056
  (913, 556)	0.43687789672475236
None
Shape of label tensor: (914, 5)
